fp_index	fpothinp_index	ramnd0	ramnd0b	rherbtyp	rherbtypo	ramnd1	ramnd2	ramnd3	ramnd4	ramnd5	fpothinp_id	fpothinp_uuid	fpothinp_submission_time	fpothinp_parent_table_name	fpothinp_parent_index	fpothinp_tags	fpothinp_notes	fpothinp_version	fpothinp_duration	fpothinp_submitted_by
1.0	1	25				4	2	3	4.0	3				"APS_tz17_fp"	1					
1.0	2	17				4	3	3	2.0	3				"APS_tz17_fp"	1					
3.0	3	17				4	1	2	2.0	3				"APS_tz17_fp"	3					
10.0	4	25				4	2	2	50.0	8				"APS_tz17_fp"	10					
11.0	5	16				4	1	3	50.0	8				"APS_tz17_fp"	11					
12.0	6	0				1	1	1	1.0	3				"APS_tz17_fp"	12					
15.0	7	17				4	12	4	1.0	3				"APS_tz17_fp"	15					
16.0	8	25				4	1	2	1.0	3				"APS_tz17_fp"	16					
17.0	9	25				4	2	4	1.0	3				"APS_tz17_fp"	17					
18.0	10	53				4	4	2	10.0	8				"APS_tz17_fp"	18					
19.0	11	16				4	2	1	25.0	8				"APS_tz17_fp"	19					
21.0	12	25				4	1	1	1.0	3				"APS_tz17_fp"	21					
21.0	13	15				4	1	4	1.0	3				"APS_tz17_fp"	21					
22.0	14	25				4	1	4	1.0	3				"APS_tz17_fp"	22					
23.0	15	25				4	2	2	1.0	3				"APS_tz17_fp"	23					
24.0	16	25				4	2	4	1.0	3				"APS_tz17_fp"	24					
25.0	17	25				4	2	3	25.0	8				"APS_tz17_fp"	25					
26.0	18	25				4	2	3	50.0	8				"APS_tz17_fp"	26					
27.0	19	25				4	2	3	3.0	3				"APS_tz17_fp"	27					
28.0	20	17				4	2	2	2.0	3				"APS_tz17_fp"	28					
30.0	21	25				4	1	1	2.0	3				"APS_tz17_fp"	30					
31.0	22	25				4	1	2	25.0	8				"APS_tz17_fp"	31					
32.0	23	17				4	1	4	2.0	3				"APS_tz17_fp"	32					
33.0	24	17				4	1	1	2.0	3				"APS_tz17_fp"	33					
33.0	25	17				4	1	1	2.0	3				"APS_tz17_fp"	33					
34.0	26	17				4	1	4	2.0	3				"APS_tz17_fp"	34					
36.0	27	25				4	2	1	5.0	3				"APS_tz17_fp"	36					
40.0	28	25				4	1	4	1.0	3				"APS_tz17_fp"	40					
41.0	29	25				4	1	2	2.0	3				"APS_tz17_fp"	41					
42.0	30	25				4	12	3	3.0	3				"APS_tz17_fp"	42					
43.0	31	17				4	3	1	1.0	3				"APS_tz17_fp"	43					
46.0	32	16				4	1	2	1.0	3				"APS_tz17_fp"	46					
46.0	33	25				4	1	2	1.0	3				"APS_tz17_fp"	46					
47.0	34	25				4	2	1	1.0	3				"APS_tz17_fp"	47					
49.0	35	17				4	2	1	4.0	3				"APS_tz17_fp"	49					
51.0	36	17				4	1	3	1.0	3				"APS_tz17_fp"	51					
57.0	37	17				4	2	3	2.0	3				"APS_tz17_fp"	57					
67.0	38	17				4	11	2	1.0	3				"APS_tz17_fp"	67					
72.0	39	26				4	1	1	1.0	13				"APS_tz17_fp"	72					
93.0	40	17				4	2	1	2.0	3				"APS_tz17_fp"	93					
94.0	41	16				4	1	1	1.0	3				"APS_tz17_fp"	94					
95.0	42	17				4	2	1	3.0	3				"APS_tz17_fp"	95					
96.0	43	17				4	2	3	3.0	3				"APS_tz17_fp"	96					
97.0	44	17				4	12	4	3.0	3				"APS_tz17_fp"	97					
97.0	45	25				4	2	4	4.0	3				"APS_tz17_fp"	97					
98.0	46	17				4	2	4	10.0	3				"APS_tz17_fp"	98					
98.0	47	25				4	3	1	14.0	3				"APS_tz17_fp"	98					
100.0	48	17				4	1	4	4.0	3				"APS_tz17_fp"	100					
105.0	49	17				4	2	2	1.0	3				"APS_tz17_fp"	105					
105.0	50	25				4	1	2	1.0	3				"APS_tz17_fp"	105					
106.0	51	17				4	12	4	3.0	3				"APS_tz17_fp"	106					
108.0	52	17				4	1	4	1.0	3				"APS_tz17_fp"	108					
108.0	53	16				4	1	4	1.0	4				"APS_tz17_fp"	108					
108.0	54	25				4	1	4	1.0	3				"APS_tz17_fp"	108					
109.0	55	16				4	1	2	1.0	3				"APS_tz17_fp"	109					
109.0	56	15				3	1	1	1.0	3				"APS_tz17_fp"	109					
112.0	57	17				4	1	3	1.0	3				"APS_tz17_fp"	112					
113.0	58	17				4	1	4	1.0	3				"APS_tz17_fp"	113					
115.0	59	17				4	2	2	4.0	3				"APS_tz17_fp"	115					
116.0	60	17				4	2	2	9.0	3				"APS_tz17_fp"	116					
117.0	61	36		6		4	12	1	1.0	13				"APS_tz17_fp"	117					
117.0	62	35				4	2	2	1.0	13				"APS_tz17_fp"	117					
120.0	63	17				4	3	1	50.0	8				"APS_tz17_fp"	120					
120.0	64	36		99	"Gesaprn"	4	4	3	45.0	13				"APS_tz17_fp"	120					
127.0	65	17				4	2	1	10.0	8				"APS_tz17_fp"	127					
137.0	66	17				4	1	4	1.0	3				"APS_tz17_fp"	137					
140.0	67	17				4	1	1	1.5	10				"APS_tz17_fp"	140					
141.0	68	17				4	1	1	2.0	3				"APS_tz17_fp"	141					
145.0	69	17				4	2	3	1.0	5				"APS_tz17_fp"	145					
148.0	70	17				4	2	3	2.0	3				"APS_tz17_fp"	148					
151.0	71	16				4	12	2	1.0	4				"APS_tz17_fp"	151					
154.0	72	16				4	3	1	1.0	3				"APS_tz17_fp"	154					
156.0	73	16				4	3	4	25.0	8				"APS_tz17_fp"	156					
158.0	74	17				4	2	3	2.0	3				"APS_tz17_fp"	158					
158.0	75	16				4	3	3	2.0	3				"APS_tz17_fp"	158					
160.0	76	17				4	1	1	3.0	3				"APS_tz17_fp"	160					
160.0	77	16				4	1	1	1.0	3				"APS_tz17_fp"	160					
161.0	78	17				4	2	2	3.0	3				"APS_tz17_fp"	161					
161.0	79	16				4	3	2	3.0	3				"APS_tz17_fp"	161					
165.0	80	34				4	3	2	0.5	13				"APS_tz17_fp"	165					
165.0	81	34				4	4	2	0.5	13				"APS_tz17_fp"	165					
166.0	82	17				4	2	3	1.0	4				"APS_tz17_fp"	166					
170.0	83	1	5			3	1	1	1.0	4				"APS_tz17_fp"	170					
171.0	84	16				4	2	1	5.0	8				"APS_tz17_fp"	171					
176.0	85	16				4	2	4	1.0	3				"APS_tz17_fp"	176					
177.0	86	16				4	2	4	1.0	3				"APS_tz17_fp"	177					
182.0	87	16				4	2	3	1.0	3				"APS_tz17_fp"	182					
184.0	88	17				4	2	4	1.0	3				"APS_tz17_fp"	184					
200.0	89	16				4	2	4	1.0	3				"APS_tz17_fp"	200					
302.0	90	17				4	2	2	2.0	3				"APS_tz17_fp"	302					
303.0	91	17				4	1	3	1.0	3				"APS_tz17_fp"	303					
308.0	92	26				4	2	2	0.5	13				"APS_tz17_fp"	308					
310.0	93	16				4	3	2	1.0	4				"APS_tz17_fp"	310					
311.0	94	16				4	2	4	12.5	8				"APS_tz17_fp"	311					
312.0	95	17				4	1	2	1.0	3				"APS_tz17_fp"	312					
314.0	96	17				4	2	3	1.0	3				"APS_tz17_fp"	314					
315.0	97	16				4	2	4	25.0	8				"APS_tz17_fp"	315					
315.0	98	17				4	2	4	1.0	3				"APS_tz17_fp"	315					
317.0	99	17				4	12	1	1.0	3				"APS_tz17_fp"	317					
317.0	100	16				4	12	1	1.0	3				"APS_tz17_fp"	317					
318.0	101	17				4	1	1	1.0	3				"APS_tz17_fp"	318					
318.0	102	16				4	1	1	1.0	3				"APS_tz17_fp"	318					
319.0	103	17				4	1	1	1.0	3				"APS_tz17_fp"	319					
319.0	104	16				4	1	1	2.0	3				"APS_tz17_fp"	319					
319.0	105	17				4	1	1	1.0	3				"APS_tz17_fp"	319					
320.0	106	15				3	10	2	1.0	3				"APS_tz17_fp"	320					
321.0	107	17				4	2	4	1.0	3				"APS_tz17_fp"	321					
323.0	108	16				4	1	1	0.5	3				"APS_tz17_fp"	323					
323.0	109	17				4	1	1	0.5	3				"APS_tz17_fp"	323					
325.0	110	17				4	2	1	12.0	8				"APS_tz17_fp"	325					
326.0	111	17				4	3	3	30.0	8				"APS_tz17_fp"	326					
328.0	112	15				4	1	3	0.5	3				"APS_tz17_fp"	328					
329.0	113	16				4	3	4	20.0	8				"APS_tz17_fp"	329					
330.0	114	51				4	3	2	1.0	4				"APS_tz17_fp"	330					
331.0	115	16				4	2	3	1.0	3				"APS_tz17_fp"	331					
337.0	116	16				4	1	2	1.0	3				"APS_tz17_fp"	337					
344.0	117	17				4	2	3	1.0	3				"APS_tz17_fp"	344					
351.0	118	17				4	2	2	1.0	4				"APS_tz17_fp"	351					
353.0	119	16				4	5	2	1.0	3				"APS_tz17_fp"	353					
353.0	120	34				4	4	2	0.5	13				"APS_tz17_fp"	353					
353.0	121	34				4	5	2	0.5	13				"APS_tz17_fp"	353					
357.0	122	16				4	1	1	2.5	8				"APS_tz17_fp"	357					
361.0	123	16				4	6	1	4.0	3				"APS_tz17_fp"	361					
363.0	124	52				2	3	3	1.0	4				"APS_tz17_fp"	363					
366.0	125	17				3	3	3	10.0	8				"APS_tz17_fp"	366					
485.0	126	39				1	11	4	1.0	9				"APS_tz17_fp"	485					
488.0	127	17				4	3	3	10.0	8				"APS_tz17_fp"	488					
491.0	128	17				4	4	4	25.0	8				"APS_tz17_fp"	491					
499.0	129	39				2	1	3	100.0	5				"APS_tz17_fp"	499					
520.0	130	36		5		2	2	2	1.0	13				"APS_tz17_fp"	520					
524.0	131	17				4	4	2	1.0	3				"APS_tz17_fp"	524					
576.0	132	17				4	4	3	1.0	3				"APS_tz17_fp"	576					
579.0	133	0				4	12	4	0.0	8				"APS_tz17_fp"	579					
