fp_index	fpweed_index	weeding_mo	weeding_wk	weeding_typ	fpweed_id	fpweed_uuid	fpweed_submission_time	fpweed_parent_table_name	fpweed_parent_index	fpweed_tags	fpweed_notes	fpweed_version	fpweed_duration	fpweed_submitted_by
1.0	1	2	3	1				"APS_tz17_fp"	1					
1.0	2	3	4	1				"APS_tz17_fp"	1					
2.0	3	2	2	1				"APS_tz17_fp"	2					
3.0	4	2	2	1				"APS_tz17_fp"	3					
4.0	5	3	1	1				"APS_tz17_fp"	4					
5.0	6	1	2	1				"APS_tz17_fp"	5					
5.0	7	3	3	1				"APS_tz17_fp"	5					
6.0	8	1	4	1				"APS_tz17_fp"	6					
7.0	9	3	1	1				"APS_tz17_fp"	7					
8.0	10	3	2	1				"APS_tz17_fp"	8					
9.0	11	3	4	1				"APS_tz17_fp"	9					
10.0	12	2	1	1				"APS_tz17_fp"	10					
10.0	13	3	1	1				"APS_tz17_fp"	10					
11.0	14	1	4	1				"APS_tz17_fp"	11					
11.0	15	2	4	1				"APS_tz17_fp"	11					
12.0	16	1	2	1				"APS_tz17_fp"	12					
12.0	17	3	3	1				"APS_tz17_fp"	12					
13.0	18	3	3	1				"APS_tz17_fp"	13					
14.0	19	3	1	1				"APS_tz17_fp"	14					
15.0	20	12	2	1				"APS_tz17_fp"	15					
15.0	21	2	1	1				"APS_tz17_fp"	15					
16.0	22	1	2	1				"APS_tz17_fp"	16					
16.0	23	2	1	1				"APS_tz17_fp"	16					
17.0	24	2	3	1				"APS_tz17_fp"	17					
17.0	25	3	3	1				"APS_tz17_fp"	17					
18.0	26	4	2	1				"APS_tz17_fp"	18					
19.0	27	1	1	1				"APS_tz17_fp"	19					
19.0	28	3	1	1				"APS_tz17_fp"	19					
20.0	29	2	3	1				"APS_tz17_fp"	20					
21.0	30	2	2	1				"APS_tz17_fp"	21					
22.0	31	1	3	1				"APS_tz17_fp"	22					
23.0	32	3	1	1				"APS_tz17_fp"	23					
24.0	33	2	3	1				"APS_tz17_fp"	24					
25.0	34	2	2	1				"APS_tz17_fp"	25					
25.0	35	4	1	1				"APS_tz17_fp"	25					
26.0	36	2	1	1				"APS_tz17_fp"	26					
27.0	37	1	2	1				"APS_tz17_fp"	27					
27.0	38	3	3	1				"APS_tz17_fp"	27					
28.0	39	1	2	1				"APS_tz17_fp"	28					
28.0	40	3	1	1				"APS_tz17_fp"	28					
29.0	41	2	1	1				"APS_tz17_fp"	29					
29.0	42	3	4	1				"APS_tz17_fp"	29					
30.0	43	1	4	1				"APS_tz17_fp"	30					
31.0	44	1	1	1				"APS_tz17_fp"	31					
32.0	45	1	3	1				"APS_tz17_fp"	32					
33.0	46	1	1	1				"APS_tz17_fp"	33					
33.0	47	2	2	1				"APS_tz17_fp"	33					
34.0	48	1	2	1				"APS_tz17_fp"	34					
36.0	49	1	4	1				"APS_tz17_fp"	36					
37.0	50	2	2	1				"APS_tz17_fp"	37					
38.0	51	2	4	1				"APS_tz17_fp"	38					
39.0	52	2	1	1				"APS_tz17_fp"	39					
40.0	53	1	4	1				"APS_tz17_fp"	40					
41.0	54	1	2	1				"APS_tz17_fp"	41					
41.0	55	2	4	1				"APS_tz17_fp"	41					
42.0	56	2	3	1				"APS_tz17_fp"	42					
43.0	57	2	3	1				"APS_tz17_fp"	43					
44.0	58	3	1	1				"APS_tz17_fp"	44					
45.0	59	3	2	1				"APS_tz17_fp"	45					
45.0	60	4	1	1				"APS_tz17_fp"	45					
46.0	61	2	1	1				"APS_tz17_fp"	46					
46.0	62	3	1	1				"APS_tz17_fp"	46					
47.0	63	1	4	1				"APS_tz17_fp"	47					
47.0	64	3	4	1				"APS_tz17_fp"	47					
48.0	65	1	2	1				"APS_tz17_fp"	48					
48.0	66	2	1	1				"APS_tz17_fp"	48					
48.0	67	3	1	1				"APS_tz17_fp"	48					
49.0	68	2	1	1				"APS_tz17_fp"	49					
49.0	69	3	2	1				"APS_tz17_fp"	49					
50.0	70	1	4	1				"APS_tz17_fp"	50					
50.0	71	2	3	1				"APS_tz17_fp"	50					
51.0	72	1	3	1				"APS_tz17_fp"	51					
51.0	73	2	3	1				"APS_tz17_fp"	51					
55.0	74	1	2	1				"APS_tz17_fp"	55					
55.0	75	2	4	1				"APS_tz17_fp"	55					
56.0	76	4	2	1				"APS_tz17_fp"	56					
57.0	77	1	2	1				"APS_tz17_fp"	57					
57.0	78	3	1	1				"APS_tz17_fp"	57					
58.0	79	12	4	1				"APS_tz17_fp"	58					
58.0	80	1	3	1				"APS_tz17_fp"	58					
59.0	81	1	4	1				"APS_tz17_fp"	59					
59.0	82	2	4	1				"APS_tz17_fp"	59					
60.0	83	1	3	1				"APS_tz17_fp"	60					
60.0	84	2	4	1				"APS_tz17_fp"	60					
61.0	85	12	4	1				"APS_tz17_fp"	61					
61.0	86	1	4	1				"APS_tz17_fp"	61					
62.0	87	1	1	1				"APS_tz17_fp"	62					
62.0	88	2	2	1				"APS_tz17_fp"	62					
63.0	89	4	1	1				"APS_tz17_fp"	63					
64.0	90	2	1	1				"APS_tz17_fp"	64					
64.0	91	2	4	1				"APS_tz17_fp"	64					
65.0	92	1	1	1				"APS_tz17_fp"	65					
66.0	93	12	4	1				"APS_tz17_fp"	66					
66.0	94	2	4	1				"APS_tz17_fp"	66					
67.0	95	11	1	1				"APS_tz17_fp"	67					
67.0	96	1	1	1				"APS_tz17_fp"	67					
68.0	97	12	3	1				"APS_tz17_fp"	68					
68.0	98	2	2	1				"APS_tz17_fp"	68					
69.0	99	12	2	1				"APS_tz17_fp"	69					
69.0	100	1	4	1				"APS_tz17_fp"	69					
70.0	101	11	1	1				"APS_tz17_fp"	70					
70.0	102	1	1	1				"APS_tz17_fp"	70					
71.0	103	1	1	1				"APS_tz17_fp"	71					
72.0	104	12	2	1				"APS_tz17_fp"	72					
74.0	105	1	1	1				"APS_tz17_fp"	74					
75.0	106	12	4	1				"APS_tz17_fp"	75					
75.0	107	2	2	1				"APS_tz17_fp"	75					
76.0	108	1	1	1				"APS_tz17_fp"	76					
76.0	109	2	2	1				"APS_tz17_fp"	76					
77.0	110	12	2	1				"APS_tz17_fp"	77					
78.0	111	11	4	1				"APS_tz17_fp"	78					
78.0	112	1	1	1				"APS_tz17_fp"	78					
79.0	113	12	1	1				"APS_tz17_fp"	79					
79.0	114	1	4	1				"APS_tz17_fp"	79					
80.0	115	12	2	1				"APS_tz17_fp"	80					
80.0	116	3	2	1				"APS_tz17_fp"	80					
81.0	117	12	2	1				"APS_tz17_fp"	81					
81.0	118	1	1	1				"APS_tz17_fp"	81					
82.0	119	1	2	1				"APS_tz17_fp"	82					
82.0	120	3	2	1				"APS_tz17_fp"	82					
82.0	121	4	3	1				"APS_tz17_fp"	82					
83.0	122	1	1	1				"APS_tz17_fp"	83					
83.0	123	2	4	1				"APS_tz17_fp"	83					
84.0	124	1	4	1				"APS_tz17_fp"	84					
84.0	125	3	1	1				"APS_tz17_fp"	84					
85.0	126	10	2	1				"APS_tz17_fp"	85					
85.0	127	1	2	1				"APS_tz17_fp"	85					
86.0	128	1	1	1				"APS_tz17_fp"	86					
87.0	129	11	4	1				"APS_tz17_fp"	87					
87.0	130	12	2	1				"APS_tz17_fp"	87					
88.0	131	1	1	1				"APS_tz17_fp"	88					
88.0	132	2	2	1				"APS_tz17_fp"	88					
89.0	133	3	4	1				"APS_tz17_fp"	89					
90.0	134	11	1	1				"APS_tz17_fp"	90					
90.0	135	12	1	1				"APS_tz17_fp"	90					
91.0	136	11	1	1				"APS_tz17_fp"	91					
91.0	137	12	1	1				"APS_tz17_fp"	91					
92.0	138	10	4	1				"APS_tz17_fp"	92					
92.0	139	12	3	1				"APS_tz17_fp"	92					
93.0	140	12	1	2				"APS_tz17_fp"	93					
93.0	141	1	4	1				"APS_tz17_fp"	93					
94.0	142	12	1	2				"APS_tz17_fp"	94					
94.0	143	1	1	2				"APS_tz17_fp"	94					
95.0	144	1	3	1				"APS_tz17_fp"	95					
95.0	145	3	2	1				"APS_tz17_fp"	95					
96.0	146	1	4	1				"APS_tz17_fp"	96					
96.0	147	2	4	1				"APS_tz17_fp"	96					
97.0	148	12	1	2				"APS_tz17_fp"	97					
97.0	149	2	4	1				"APS_tz17_fp"	97					
98.0	150	12	4	1				"APS_tz17_fp"	98					
98.0	151	1	2	2				"APS_tz17_fp"	98					
98.0	152	2	2	2				"APS_tz17_fp"	98					
99.0	153	1	1	1				"APS_tz17_fp"	99					
99.0	154	2	1	1				"APS_tz17_fp"	99					
100.0	155	1	4	1				"APS_tz17_fp"	100					
100.0	156	2	4	1				"APS_tz17_fp"	100					
101.0	157	1	2	1				"APS_tz17_fp"	101					
101.0	158	2	3	1				"APS_tz17_fp"	101					
102.0	159	1	2	1				"APS_tz17_fp"	102					
102.0	160	2	2	1				"APS_tz17_fp"	102					
103.0	161	1	2	1				"APS_tz17_fp"	103					
103.0	162	3	1	1				"APS_tz17_fp"	103					
104.0	163	1	4	1				"APS_tz17_fp"	104					
104.0	164	3	1	1				"APS_tz17_fp"	104					
105.0	165	1	3	1				"APS_tz17_fp"	105					
105.0	166	2	4	1				"APS_tz17_fp"	105					
106.0	167	1	1	1				"APS_tz17_fp"	106					
106.0	168	2	1	1				"APS_tz17_fp"	106					
107.0	169	12	3	1				"APS_tz17_fp"	107					
107.0	170	1	3	1				"APS_tz17_fp"	107					
108.0	171	12	3	1				"APS_tz17_fp"	108					
108.0	172	1	4	1				"APS_tz17_fp"	108					
109.0	173	2	2	1				"APS_tz17_fp"	109					
110.0	174	1	1	1				"APS_tz17_fp"	110					
110.0	175	3	4	1				"APS_tz17_fp"	110					
111.0	176	1	1	1				"APS_tz17_fp"	111					
111.0	177	2	3	1				"APS_tz17_fp"	111					
112.0	178	1	1	1				"APS_tz17_fp"	112					
112.0	179	2	3	1				"APS_tz17_fp"	112					
113.0	180	1	1	1				"APS_tz17_fp"	113					
113.0	181	2	2	1				"APS_tz17_fp"	113					
115.0	182	1	2	1				"APS_tz17_fp"	115					
115.0	183	2	2	1				"APS_tz17_fp"	115					
116.0	184	1	1	1				"APS_tz17_fp"	116					
116.0	185	2	2	1				"APS_tz17_fp"	116					
117.0	186	1	2	2				"APS_tz17_fp"	117					
118.0	187	1	1	2				"APS_tz17_fp"	118					
119.0	188	1	2	1				"APS_tz17_fp"	119					
119.0	189	2	3	1				"APS_tz17_fp"	119					
120.0	190	1	3	1				"APS_tz17_fp"	120					
120.0	191	3	3	2				"APS_tz17_fp"	120					
121.0	192	1	4	2				"APS_tz17_fp"	121					
121.0	193	2	2	1				"APS_tz17_fp"	121					
122.0	194	4	3	1				"APS_tz17_fp"	122					
123.0	195	3	1	1				"APS_tz17_fp"	123					
124.0	196	4	1	1				"APS_tz17_fp"	124					
125.0	197	2	1	1				"APS_tz17_fp"	125					
125.0	198	4	1	1				"APS_tz17_fp"	125					
126.0	199	2	1	1				"APS_tz17_fp"	126					
127.0	200	2	1	1				"APS_tz17_fp"	127					
127.0	201	3	3	2				"APS_tz17_fp"	127					
128.0	202	1	1	1				"APS_tz17_fp"	128					
129.0	203	1	1	1				"APS_tz17_fp"	129					
130.0	204	1	2	1				"APS_tz17_fp"	130					
130.0	205	3	2	1				"APS_tz17_fp"	130					
131.0	206	1	3	1				"APS_tz17_fp"	131					
131.0	207	4	1	1				"APS_tz17_fp"	131					
133.0	208	12	4	1				"APS_tz17_fp"	133					
134.0	209	4	1	1				"APS_tz17_fp"	134					
136.0	210	1	2	2				"APS_tz17_fp"	136					
136.0	211	2	2	1				"APS_tz17_fp"	136					
137.0	212	1	1	2				"APS_tz17_fp"	137					
137.0	213	1	4	1				"APS_tz17_fp"	137					
138.0	214	1	2	1				"APS_tz17_fp"	138					
139.0	215	1	4	1				"APS_tz17_fp"	139					
140.0	216	1	3	1				"APS_tz17_fp"	140					
140.0	217	2	2	1				"APS_tz17_fp"	140					
141.0	218	1	1	2				"APS_tz17_fp"	141					
141.0	219	1	4	1				"APS_tz17_fp"	141					
141.0	220	2	1	2				"APS_tz17_fp"	141					
142.0	221	1	1	1				"APS_tz17_fp"	142					
142.0	222	6	1	1				"APS_tz17_fp"	142					
143.0	223	1	2	1				"APS_tz17_fp"	143					
143.0	224	2	3	1				"APS_tz17_fp"	143					
144.0	225	1	1	1				"APS_tz17_fp"	144					
144.0	226	3	1	1				"APS_tz17_fp"	144					
145.0	227	12	3	1				"APS_tz17_fp"	145					
145.0	228	2	3	1				"APS_tz17_fp"	145					
146.0	229	1	2	1				"APS_tz17_fp"	146					
146.0	230	2	2	1				"APS_tz17_fp"	146					
146.0	231	3	3	1				"APS_tz17_fp"	146					
147.0	232	1	1	1				"APS_tz17_fp"	147					
147.0	233	1	4	1				"APS_tz17_fp"	147					
147.0	234	2	3	1				"APS_tz17_fp"	147					
148.0	235	1	1	1				"APS_tz17_fp"	148					
148.0	236	2	3	1				"APS_tz17_fp"	148					
148.0	237	3	3	1				"APS_tz17_fp"	148					
149.0	238	1	1	1				"APS_tz17_fp"	149					
149.0	239	2	1	1				"APS_tz17_fp"	149					
149.0	240	3	3	1				"APS_tz17_fp"	149					
150.0	241	1	4	1				"APS_tz17_fp"	150					
150.0	242	2	4	1				"APS_tz17_fp"	150					
151.0	243	1	1	1				"APS_tz17_fp"	151					
151.0	244	3	2	1				"APS_tz17_fp"	151					
152.0	245	1	3	1				"APS_tz17_fp"	152					
152.0	246	3	2	1				"APS_tz17_fp"	152					
153.0	247	1	1	1				"APS_tz17_fp"	153					
153.0	248	3	2	1				"APS_tz17_fp"	153					
154.0	249	1	1	1				"APS_tz17_fp"	154					
154.0	250	2	4	1				"APS_tz17_fp"	154					
155.0	251	1	3	1				"APS_tz17_fp"	155					
156.0	252	1	1	1				"APS_tz17_fp"	156					
156.0	253	2	1	1				"APS_tz17_fp"	156					
157.0	254	12	4	1				"APS_tz17_fp"	157					
157.0	255	2	4	1				"APS_tz17_fp"	157					
158.0	256	1	2	1				"APS_tz17_fp"	158					
158.0	257	2	3	1				"APS_tz17_fp"	158					
159.0	258	1	1	1				"APS_tz17_fp"	159					
159.0	259	2	3	1				"APS_tz17_fp"	159					
160.0	260	1	4	1				"APS_tz17_fp"	160					
160.0	261	2	4	1				"APS_tz17_fp"	160					
161.0	262	1	1	1				"APS_tz17_fp"	161					
161.0	263	2	1	1				"APS_tz17_fp"	161					
161.0	264	3	1	1				"APS_tz17_fp"	161					
162.0	265	1	1	1				"APS_tz17_fp"	162					
162.0	266	2	2	1				"APS_tz17_fp"	162					
163.0	267	1	4	1				"APS_tz17_fp"	163					
163.0	268	2	2	1				"APS_tz17_fp"	163					
164.0	269	2	2	1				"APS_tz17_fp"	164					
164.0	270	3	4	1				"APS_tz17_fp"	164					
165.0	271	2	1	1				"APS_tz17_fp"	165					
165.0	272	3	3	1				"APS_tz17_fp"	165					
166.0	273	1	4	1				"APS_tz17_fp"	166					
166.0	274	3	3	1				"APS_tz17_fp"	166					
167.0	275	2	2	1				"APS_tz17_fp"	167					
167.0	276	3	4	1				"APS_tz17_fp"	167					
168.0	277	2	3	1				"APS_tz17_fp"	168					
168.0	278	3	1	1				"APS_tz17_fp"	168					
169.0	279	2	1	1				"APS_tz17_fp"	169					
169.0	280	3	1	1				"APS_tz17_fp"	169					
170.0	281	3	2	1				"APS_tz17_fp"	170					
171.0	282	2	2	1				"APS_tz17_fp"	171					
171.0	283	3	2	1				"APS_tz17_fp"	171					
172.0	284	1	4	1				"APS_tz17_fp"	172					
172.0	285	2	4	1				"APS_tz17_fp"	172					
173.0	286	1	4	1				"APS_tz17_fp"	173					
173.0	287	3	2	1				"APS_tz17_fp"	173					
174.0	288	1	4	1				"APS_tz17_fp"	174					
174.0	289	2	4	1				"APS_tz17_fp"	174					
175.0	290	1	4	1				"APS_tz17_fp"	175					
175.0	291	3	1	1				"APS_tz17_fp"	175					
176.0	292	2	1	1				"APS_tz17_fp"	176					
176.0	293	3	1	1				"APS_tz17_fp"	176					
177.0	294	2	2	1				"APS_tz17_fp"	177					
177.0	295	3	2	1				"APS_tz17_fp"	177					
180.0	296	2	1	1				"APS_tz17_fp"	180					
180.0	297	3	3	1				"APS_tz17_fp"	180					
181.0	298	1	1	1				"APS_tz17_fp"	181					
181.0	299	2	3	1				"APS_tz17_fp"	181					
182.0	300	1	4	1				"APS_tz17_fp"	182					
182.0	301	3	1	1				"APS_tz17_fp"	182					
183.0	302	1	4	1				"APS_tz17_fp"	183					
183.0	303	3	1	1				"APS_tz17_fp"	183					
184.0	304	2	3	1				"APS_tz17_fp"	184					
184.0	305	4	1	1				"APS_tz17_fp"	184					
185.0	306	3	1	1				"APS_tz17_fp"	185					
185.0	307	4	4	1				"APS_tz17_fp"	185					
186.0	308	2	3	1				"APS_tz17_fp"	186					
186.0	309	4	1	1				"APS_tz17_fp"	186					
187.0	310	2	2	1				"APS_tz17_fp"	187					
187.0	311	4	1	1				"APS_tz17_fp"	187					
188.0	312	2	2	1				"APS_tz17_fp"	188					
189.0	313	1	2	1				"APS_tz17_fp"	189					
189.0	314	2	3	1				"APS_tz17_fp"	189					
190.0	315	2	2	1				"APS_tz17_fp"	190					
191.0	316	2	2	1				"APS_tz17_fp"	191					
191.0	317	4	3	1				"APS_tz17_fp"	191					
192.0	318	2	4	1				"APS_tz17_fp"	192					
192.0	319	3	4	1				"APS_tz17_fp"	192					
193.0	320	3	2	1				"APS_tz17_fp"	193					
194.0	321	2	4	1				"APS_tz17_fp"	194					
195.0	322	2	4	1				"APS_tz17_fp"	195					
195.0	323	4	1	1				"APS_tz17_fp"	195					
196.0	324	2	1	1				"APS_tz17_fp"	196					
196.0	325	3	2	1				"APS_tz17_fp"	196					
197.0	326	1	3	1				"APS_tz17_fp"	197					
198.0	327	12	4	1				"APS_tz17_fp"	198					
199.0	328	2	4	1				"APS_tz17_fp"	199					
200.0	329	2	1	1				"APS_tz17_fp"	200					
200.0	330	3	2	1				"APS_tz17_fp"	200					
201.0	331	3	1	1				"APS_tz17_fp"	201					
201.0	332	3	2	1				"APS_tz17_fp"	201					
202.0	333	3	2	1				"APS_tz17_fp"	202					
203.0	334	2	3	1				"APS_tz17_fp"	203					
204.0	335	1	4	1				"APS_tz17_fp"	204					
204.0	336	2	4	1				"APS_tz17_fp"	204					
205.0	337	2	1	1				"APS_tz17_fp"	205					
206.0	338	3	1	1				"APS_tz17_fp"	206					
206.0	339	4	1	1				"APS_tz17_fp"	206					
207.0	340	2	1	1				"APS_tz17_fp"	207					
208.0	341	2	4	1				"APS_tz17_fp"	208					
210.0	342	3	1	1				"APS_tz17_fp"	210					
211.0	343	3	4	1				"APS_tz17_fp"	211					
212.0	344	1	4	1				"APS_tz17_fp"	212					
212.0	345	3	1	1				"APS_tz17_fp"	212					
213.0	346	2	4	1				"APS_tz17_fp"	213					
213.0	347	3	1	1				"APS_tz17_fp"	213					
214.0	348	4	1	1				"APS_tz17_fp"	214					
215.0	349	4	4	1				"APS_tz17_fp"	215					
216.0	350	1	1	1				"APS_tz17_fp"	216					
216.0	351	2	4	1				"APS_tz17_fp"	216					
217.0	352	3	1	1				"APS_tz17_fp"	217					
217.0	353	5	1	1				"APS_tz17_fp"	217					
218.0	354	2	4	1				"APS_tz17_fp"	218					
218.0	355	3	4	1				"APS_tz17_fp"	218					
219.0	356	3	2	1				"APS_tz17_fp"	219					
219.0	357	4	3	1				"APS_tz17_fp"	219					
220.0	358	2	2	1				"APS_tz17_fp"	220					
221.0	359	2	3	1				"APS_tz17_fp"	221					
221.0	360	3	3	1				"APS_tz17_fp"	221					
222.0	361	2	2	1				"APS_tz17_fp"	222					
222.0	362	3	2	1				"APS_tz17_fp"	222					
223.0	363	4	1	1				"APS_tz17_fp"	223					
223.0	364	5	1	1				"APS_tz17_fp"	223					
224.0	365	3	2	1				"APS_tz17_fp"	224					
224.0	366	4	4	1				"APS_tz17_fp"	224					
225.0	367	2	4	1				"APS_tz17_fp"	225					
225.0	368	4	2	1				"APS_tz17_fp"	225					
226.0	369	3	2	1				"APS_tz17_fp"	226					
226.0	370	4	1	1				"APS_tz17_fp"	226					
227.0	371	4	3	1				"APS_tz17_fp"	227					
227.0	372	5	3	1				"APS_tz17_fp"	227					
228.0	373	1	3	1				"APS_tz17_fp"	228					
228.0	374	3	2	1				"APS_tz17_fp"	228					
229.0	375	1	2	1				"APS_tz17_fp"	229					
229.0	376	2	3	1				"APS_tz17_fp"	229					
230.0	377	3	2	1				"APS_tz17_fp"	230					
230.0	378	4	1	1				"APS_tz17_fp"	230					
231.0	379	3	3	1				"APS_tz17_fp"	231					
231.0	380	4	4	1				"APS_tz17_fp"	231					
232.0	381	3	4	1				"APS_tz17_fp"	232					
232.0	382	4	2	1				"APS_tz17_fp"	232					
233.0	383	3	1	1				"APS_tz17_fp"	233					
233.0	384	4	2	1				"APS_tz17_fp"	233					
234.0	385	3	2	1				"APS_tz17_fp"	234					
234.0	386	4	1	1				"APS_tz17_fp"	234					
235.0	387	3	4	1				"APS_tz17_fp"	235					
236.0	388	2	3	1				"APS_tz17_fp"	236					
236.0	389	3	3	1				"APS_tz17_fp"	236					
237.0	390	2	4	1				"APS_tz17_fp"	237					
237.0	391	3	4	1				"APS_tz17_fp"	237					
238.0	392	2	3	1				"APS_tz17_fp"	238					
238.0	393	3	3	1				"APS_tz17_fp"	238					
239.0	394	2	4	1				"APS_tz17_fp"	239					
239.0	395	3	4	1				"APS_tz17_fp"	239					
240.0	396	2	1	1				"APS_tz17_fp"	240					
240.0	397	3	1	1				"APS_tz17_fp"	240					
241.0	398	2	4	1				"APS_tz17_fp"	241					
241.0	399	3	4	1				"APS_tz17_fp"	241					
242.0	400	2	3	1				"APS_tz17_fp"	242					
242.0	401	3	2	1				"APS_tz17_fp"	242					
242.0	402	4	3	1				"APS_tz17_fp"	242					
243.0	403	2	3	1				"APS_tz17_fp"	243					
243.0	404	3	2	1				"APS_tz17_fp"	243					
243.0	405	4	3	1				"APS_tz17_fp"	243					
244.0	406	2	2	1				"APS_tz17_fp"	244					
244.0	407	3	2	1				"APS_tz17_fp"	244					
245.0	408	2	2	1				"APS_tz17_fp"	245					
245.0	409	3	2	1				"APS_tz17_fp"	245					
246.0	410	2	2	1				"APS_tz17_fp"	246					
246.0	411	3	4	1				"APS_tz17_fp"	246					
247.0	412	2	4	1				"APS_tz17_fp"	247					
247.0	413	4	1	1				"APS_tz17_fp"	247					
248.0	414	2	2	1				"APS_tz17_fp"	248					
248.0	415	4	1	1				"APS_tz17_fp"	248					
249.0	416	2	4	1				"APS_tz17_fp"	249					
249.0	417	4	1	1				"APS_tz17_fp"	249					
250.0	418	3	2	1				"APS_tz17_fp"	250					
251.0	419	2	3	1				"APS_tz17_fp"	251					
252.0	420	2	3	1				"APS_tz17_fp"	252					
252.0	421	3	4	1				"APS_tz17_fp"	252					
253.0	422	2	1	1				"APS_tz17_fp"	253					
253.0	423	2	4	1				"APS_tz17_fp"	253					
254.0	424	4	2	1				"APS_tz17_fp"	254					
255.0	425	1	3	1				"APS_tz17_fp"	255					
255.0	426	2	3	1				"APS_tz17_fp"	255					
256.0	427	2	2	1				"APS_tz17_fp"	256					
256.0	428	4	1	1				"APS_tz17_fp"	256					
257.0	429	2	1	1				"APS_tz17_fp"	257					
257.0	430	3	4	1				"APS_tz17_fp"	257					
258.0	431	2	2	1				"APS_tz17_fp"	258					
258.0	432	3	2	1				"APS_tz17_fp"	258					
259.0	433	2	2	1				"APS_tz17_fp"	259					
260.0	434	3	1	1				"APS_tz17_fp"	260					
260.0	435	4	2	1				"APS_tz17_fp"	260					
261.0	436	2	1	1				"APS_tz17_fp"	261					
261.0	437	3	4	1				"APS_tz17_fp"	261					
262.0	438	2	3	1				"APS_tz17_fp"	262					
262.0	439	3	3	1				"APS_tz17_fp"	262					
263.0	440	2	1	1				"APS_tz17_fp"	263					
263.0	441	3	1	1				"APS_tz17_fp"	263					
263.0	442	3	4	1				"APS_tz17_fp"	263					
264.0	443	3	4	1				"APS_tz17_fp"	264					
264.0	444	5	3	1				"APS_tz17_fp"	264					
265.0	445	2	4	1				"APS_tz17_fp"	265					
265.0	446	3	4	1				"APS_tz17_fp"	265					
266.0	447	3	1	1				"APS_tz17_fp"	266					
266.0	448	4	1	1				"APS_tz17_fp"	266					
267.0	449	3	1	1				"APS_tz17_fp"	267					
267.0	450	4	2	1				"APS_tz17_fp"	267					
268.0	451	1	3	1				"APS_tz17_fp"	268					
268.0	452	3	1	1				"APS_tz17_fp"	268					
269.0	453	2	1	1				"APS_tz17_fp"	269					
269.0	454	3	3	1				"APS_tz17_fp"	269					
270.0	455	2	1	1				"APS_tz17_fp"	270					
270.0	456	3	1	1				"APS_tz17_fp"	270					
270.0	457	4	1	1				"APS_tz17_fp"	270					
271.0	458	2	2	1				"APS_tz17_fp"	271					
271.0	459	4	1	1				"APS_tz17_fp"	271					
272.0	460	2	2	1				"APS_tz17_fp"	272					
272.0	461	4	1	1				"APS_tz17_fp"	272					
273.0	462	1	3	1				"APS_tz17_fp"	273					
273.0	463	3	4	1				"APS_tz17_fp"	273					
274.0	464	2	3	1				"APS_tz17_fp"	274					
275.0	465	3	1	1				"APS_tz17_fp"	275					
275.0	466	5	1	1				"APS_tz17_fp"	275					
276.0	467	4	2	1				"APS_tz17_fp"	276					
277.0	468	4	2	1				"APS_tz17_fp"	277					
278.0	469	4	2	1				"APS_tz17_fp"	278					
279.0	470	3	1	1				"APS_tz17_fp"	279					
280.0	471	3	3	1				"APS_tz17_fp"	280					
280.0	472	4	4	1				"APS_tz17_fp"	280					
281.0	473	4	3	1				"APS_tz17_fp"	281					
282.0	474	3	1	1				"APS_tz17_fp"	282					
283.0	475	2	1	1				"APS_tz17_fp"	283					
283.0	476	3	4	1				"APS_tz17_fp"	283					
284.0	477	3	2	1				"APS_tz17_fp"	284					
284.0	478	4	4	1				"APS_tz17_fp"	284					
285.0	479	3	3	1				"APS_tz17_fp"	285					
286.0	480	2	1	1				"APS_tz17_fp"	286					
286.0	481	3	3	1				"APS_tz17_fp"	286					
287.0	482	2	1	1				"APS_tz17_fp"	287					
287.0	483	3	1	1				"APS_tz17_fp"	287					
288.0	484	3	1	1				"APS_tz17_fp"	288					
288.0	485	4	1	1				"APS_tz17_fp"	288					
289.0	486	3	2	1				"APS_tz17_fp"	289					
290.0	487	3	3	1				"APS_tz17_fp"	290					
291.0	488	3	4	1				"APS_tz17_fp"	291					
292.0	489	3	1	1				"APS_tz17_fp"	292					
292.0	490	4	2	1				"APS_tz17_fp"	292					
294.0	491	2	3	1				"APS_tz17_fp"	294					
295.0	492	3	2	1				"APS_tz17_fp"	295					
296.0	493	1	1	1				"APS_tz17_fp"	296					
296.0	494	2	1	1				"APS_tz17_fp"	296					
297.0	495	1	4	1				"APS_tz17_fp"	297					
297.0	496	2	2	1				"APS_tz17_fp"	297					
298.0	497	3	1	1				"APS_tz17_fp"	298					
299.0	498	2	4	1				"APS_tz17_fp"	299					
299.0	499	3	2	1				"APS_tz17_fp"	299					
300.0	500	1	3	1				"APS_tz17_fp"	300					
301.0	501	1	1	1				"APS_tz17_fp"	301					
301.0	502	2	2	1				"APS_tz17_fp"	301					
301.0	503	3	1	1				"APS_tz17_fp"	301					
302.0	504	1	1	1				"APS_tz17_fp"	302					
302.0	505	2	1	1				"APS_tz17_fp"	302					
302.0	506	2	4	1				"APS_tz17_fp"	302					
303.0	507	12	2	1				"APS_tz17_fp"	303					
303.0	508	1	3	1				"APS_tz17_fp"	303					
304.0	509	1	1	1				"APS_tz17_fp"	304					
304.0	510	3	2	1				"APS_tz17_fp"	304					
305.0	511	1	1	1				"APS_tz17_fp"	305					
305.0	512	2	1	1				"APS_tz17_fp"	305					
306.0	513	4	2	1				"APS_tz17_fp"	306					
307.0	514	4	3	1				"APS_tz17_fp"	307					
308.0	515	1	2	1				"APS_tz17_fp"	308					
308.0	516	3	1	1				"APS_tz17_fp"	308					
309.0	517	4	1	1				"APS_tz17_fp"	309					
310.0	518	1	2	1				"APS_tz17_fp"	310					
310.0	519	3	4	1				"APS_tz17_fp"	310					
311.0	520	12	1	1				"APS_tz17_fp"	311					
311.0	521	1	3	1				"APS_tz17_fp"	311					
311.0	522	2	1	1				"APS_tz17_fp"	311					
312.0	523	12	4	1				"APS_tz17_fp"	312					
312.0	524	2	2	1				"APS_tz17_fp"	312					
313.0	525	1	4	1				"APS_tz17_fp"	313					
313.0	526	2	4	1				"APS_tz17_fp"	313					
313.0	527	3	4	1				"APS_tz17_fp"	313					
314.0	528	1	4	1				"APS_tz17_fp"	314					
314.0	529	3	3	1				"APS_tz17_fp"	314					
315.0	530	1	2	1				"APS_tz17_fp"	315					
315.0	531	3	2	1				"APS_tz17_fp"	315					
316.0	532	1	2	1				"APS_tz17_fp"	316					
316.0	533	2	1	1				"APS_tz17_fp"	316					
316.0	534	3	4	1				"APS_tz17_fp"	316					
317.0	535	12	1	1				"APS_tz17_fp"	317					
317.0	536	1	3	1				"APS_tz17_fp"	317					
317.0	537	2	3	1				"APS_tz17_fp"	317					
318.0	538	12	4	1				"APS_tz17_fp"	318					
318.0	539	3	3	1				"APS_tz17_fp"	318					
319.0	540	1	1	1				"APS_tz17_fp"	319					
319.0	541	1	4	1				"APS_tz17_fp"	319					
320.0	542	1	1	1				"APS_tz17_fp"	320					
320.0	543	1	4	1				"APS_tz17_fp"	320					
321.0	544	1	1	1				"APS_tz17_fp"	321					
321.0	545	2	4	1				"APS_tz17_fp"	321					
322.0	546	5	1	1				"APS_tz17_fp"	322					
323.0	547	1	1	1				"APS_tz17_fp"	323					
323.0	548	1	2	1				"APS_tz17_fp"	323					
324.0	549	1	4	1				"APS_tz17_fp"	324					
325.0	550	1	2	1				"APS_tz17_fp"	325					
325.0	551	2	2	1				"APS_tz17_fp"	325					
326.0	552	2	1	1				"APS_tz17_fp"	326					
326.0	553	3	3	1				"APS_tz17_fp"	326					
327.0	554	12	4	1				"APS_tz17_fp"	327					
327.0	555	2	4	1				"APS_tz17_fp"	327					
328.0	556	12	1	1				"APS_tz17_fp"	328					
328.0	557	1	3	1				"APS_tz17_fp"	328					
329.0	558	2	4	1				"APS_tz17_fp"	329					
329.0	559	3	1	1				"APS_tz17_fp"	329					
330.0	560	2	2	1				"APS_tz17_fp"	330					
330.0	561	4	1	1				"APS_tz17_fp"	330					
331.0	562	12	1	1				"APS_tz17_fp"	331					
331.0	563	2	1	1				"APS_tz17_fp"	331					
332.0	564	1	1	1				"APS_tz17_fp"	332					
332.0	565	3	1	1				"APS_tz17_fp"	332					
333.0	566	2	3	1				"APS_tz17_fp"	333					
333.0	567	4	1	1				"APS_tz17_fp"	333					
334.0	568	2	4	1				"APS_tz17_fp"	334					
334.0	569	3	3	1				"APS_tz17_fp"	334					
335.0	570	1	2	1				"APS_tz17_fp"	335					
335.0	571	2	3	1				"APS_tz17_fp"	335					
336.0	572	10	2	1				"APS_tz17_fp"	336					
337.0	573	1	2	1				"APS_tz17_fp"	337					
337.0	574	2	1	1				"APS_tz17_fp"	337					
338.0	575	12	1	1				"APS_tz17_fp"	338					
338.0	576	1	1	1				"APS_tz17_fp"	338					
339.0	577	2	1	1				"APS_tz17_fp"	339					
339.0	578	3	1	1				"APS_tz17_fp"	339					
340.0	579	12	1	1				"APS_tz17_fp"	340					
340.0	580	2	2	1				"APS_tz17_fp"	340					
341.0	581	10	4	1				"APS_tz17_fp"	341					
341.0	582	2	1	1				"APS_tz17_fp"	341					
342.0	583	5	2	1				"APS_tz17_fp"	342					
344.0	584	1	1	1				"APS_tz17_fp"	344					
344.0	585	3	2	1				"APS_tz17_fp"	344					
346.0	586	2	3	1				"APS_tz17_fp"	346					
346.0	587	4	2	1				"APS_tz17_fp"	346					
347.0	588	1	2	1				"APS_tz17_fp"	347					
347.0	589	2	4	1				"APS_tz17_fp"	347					
348.0	590	5	1	1				"APS_tz17_fp"	348					
349.0	591	2	4	1				"APS_tz17_fp"	349					
351.0	592	2	1	1				"APS_tz17_fp"	351					
352.0	593	4	1	2				"APS_tz17_fp"	352					
353.0	594	4	1	1				"APS_tz17_fp"	353					
353.0	595	5	1	1				"APS_tz17_fp"	353					
354.0	596	5	1	1				"APS_tz17_fp"	354					
355.0	597	5	4	1				"APS_tz17_fp"	355					
356.0	598	11	1	1				"APS_tz17_fp"	356					
356.0	599	1	1	1				"APS_tz17_fp"	356					
357.0	600	12	1	1				"APS_tz17_fp"	357					
357.0	601	1	4	1				"APS_tz17_fp"	357					
358.0	602	1	1	1				"APS_tz17_fp"	358					
358.0	603	3	1	1				"APS_tz17_fp"	358					
359.0	604	6	1	1				"APS_tz17_fp"	359					
359.0	605	7	1	1				"APS_tz17_fp"	359					
359.0	606	7	4	1				"APS_tz17_fp"	359					
360.0	607	5	1	1				"APS_tz17_fp"	360					
361.0	608	6	1	1				"APS_tz17_fp"	361					
361.0	609	6	2	1				"APS_tz17_fp"	361					
363.0	610	4	1	1				"APS_tz17_fp"	363					
364.0	611	6	3	1				"APS_tz17_fp"	364					
365.0	612	4	2	1				"APS_tz17_fp"	365					
366.0	613	4	4	1				"APS_tz17_fp"	366					
368.0	614	2	1	1				"APS_tz17_fp"	368					
369.0	615	4	2	1				"APS_tz17_fp"	369					
370.0	616	4	1	1				"APS_tz17_fp"	370					
372.0	617	5	1	1				"APS_tz17_fp"	372					
373.0	618	3	1	1				"APS_tz17_fp"	373					
374.0	619	2	3	1				"APS_tz17_fp"	374					
375.0	620	4	2	1				"APS_tz17_fp"	375					
376.0	621	4	2	1				"APS_tz17_fp"	376					
376.0	622	5	4	1				"APS_tz17_fp"	376					
377.0	623	2	3	1				"APS_tz17_fp"	377					
377.0	624	5	2	1				"APS_tz17_fp"	377					
378.0	625	4	4	1				"APS_tz17_fp"	378					
379.0	626	5	1	1				"APS_tz17_fp"	379					
379.0	627	5	4	1				"APS_tz17_fp"	379					
380.0	628	3	3	1				"APS_tz17_fp"	380					
380.0	629	4	3	1				"APS_tz17_fp"	380					
381.0	630	2	2	1				"APS_tz17_fp"	381					
381.0	631	5	3	1				"APS_tz17_fp"	381					
382.0	632	4	2	1				"APS_tz17_fp"	382					
383.0	633	4	4	1				"APS_tz17_fp"	383					
385.0	634	4	1	1				"APS_tz17_fp"	385					
386.0	635	4	2	1				"APS_tz17_fp"	386					
387.0	636	4	4	1				"APS_tz17_fp"	387					
388.0	637	4	2	1				"APS_tz17_fp"	388					
389.0	638	5	2	1				"APS_tz17_fp"	389					
391.0	639	4	1	1				"APS_tz17_fp"	391					
391.0	640	4	4	1				"APS_tz17_fp"	391					
392.0	641	3	2	1				"APS_tz17_fp"	392					
392.0	642	4	2	1				"APS_tz17_fp"	392					
393.0	643	4	2	1				"APS_tz17_fp"	393					
393.0	644	5	4	1				"APS_tz17_fp"	393					
394.0	645	3	4	1				"APS_tz17_fp"	394					
395.0	646	3	2	1				"APS_tz17_fp"	395					
396.0	647	3	3	1				"APS_tz17_fp"	396					
397.0	648	4	1	1				"APS_tz17_fp"	397					
398.0	649	2	1	1				"APS_tz17_fp"	398					
398.0	650	5	1	1				"APS_tz17_fp"	398					
399.0	651	4	1	1				"APS_tz17_fp"	399					
399.0	652	6	3	1				"APS_tz17_fp"	399					
400.0	653	4	1	1				"APS_tz17_fp"	400					
401.0	654	3	2	1				"APS_tz17_fp"	401					
401.0	655	4	1	1				"APS_tz17_fp"	401					
402.0	656	5	1	1				"APS_tz17_fp"	402					
403.0	657	3	4	1				"APS_tz17_fp"	403					
403.0	658	7	2	1				"APS_tz17_fp"	403					
404.0	659	3	1	1				"APS_tz17_fp"	404					
404.0	660	4	2	1				"APS_tz17_fp"	404					
405.0	661	3	3	1				"APS_tz17_fp"	405					
406.0	662	3	3	1				"APS_tz17_fp"	406					
407.0	663	3	3	1				"APS_tz17_fp"	407					
408.0	664	3	3	1				"APS_tz17_fp"	408					
409.0	665	3	1	1				"APS_tz17_fp"	409					
409.0	666	4	1	1				"APS_tz17_fp"	409					
410.0	667	3	2	1				"APS_tz17_fp"	410					
410.0	668	4	2	1				"APS_tz17_fp"	410					
411.0	669	3	2	1				"APS_tz17_fp"	411					
411.0	670	5	1	1				"APS_tz17_fp"	411					
412.0	671	3	2	1				"APS_tz17_fp"	412					
412.0	672	4	4	1				"APS_tz17_fp"	412					
413.0	673	2	3	1				"APS_tz17_fp"	413					
413.0	674	3	3	1				"APS_tz17_fp"	413					
414.0	675	3	1	1				"APS_tz17_fp"	414					
414.0	676	4	3	1				"APS_tz17_fp"	414					
415.0	677	4	1	1				"APS_tz17_fp"	415					
416.0	678	3	3	1				"APS_tz17_fp"	416					
417.0	679	3	2	1				"APS_tz17_fp"	417					
417.0	680	4	4	1				"APS_tz17_fp"	417					
418.0	681	3	4	1				"APS_tz17_fp"	418					
419.0	682	2	3	1				"APS_tz17_fp"	419					
419.0	683	3	3	1				"APS_tz17_fp"	419					
420.0	684	3	2	1				"APS_tz17_fp"	420					
420.0	685	4	1	1				"APS_tz17_fp"	420					
421.0	686	3	3	1				"APS_tz17_fp"	421					
422.0	687	3	4	1				"APS_tz17_fp"	422					
423.0	688	4	3	1				"APS_tz17_fp"	423					
424.0	689	4	1	1				"APS_tz17_fp"	424					
425.0	690	4	2	1				"APS_tz17_fp"	425					
426.0	691	5	1	1				"APS_tz17_fp"	426					
427.0	692	4	1	1				"APS_tz17_fp"	427					
428.0	693	4	2	1				"APS_tz17_fp"	428					
429.0	694	3	3	1				"APS_tz17_fp"	429					
429.0	695	4	4	1				"APS_tz17_fp"	429					
430.0	696	4	3	1				"APS_tz17_fp"	430					
431.0	697	4	1	1				"APS_tz17_fp"	431					
431.0	698	5	4	1				"APS_tz17_fp"	431					
432.0	699	4	3	1				"APS_tz17_fp"	432					
432.0	700	5	4	1				"APS_tz17_fp"	432					
433.0	701	4	4	1				"APS_tz17_fp"	433					
435.0	702	4	4	1				"APS_tz17_fp"	435					
436.0	703	3	2	1				"APS_tz17_fp"	436					
436.0	704	4	3	1				"APS_tz17_fp"	436					
437.0	705	3	3	1				"APS_tz17_fp"	437					
437.0	706	4	1	1				"APS_tz17_fp"	437					
438.0	707	4	1	1				"APS_tz17_fp"	438					
439.0	708	2	4	1				"APS_tz17_fp"	439					
440.0	709	3	4	1				"APS_tz17_fp"	440					
441.0	710	3	1	1				"APS_tz17_fp"	441					
441.0	711	5	2	1				"APS_tz17_fp"	441					
442.0	712	5	1	1				"APS_tz17_fp"	442					
443.0	713	4	1	1				"APS_tz17_fp"	443					
443.0	714	5	4	1				"APS_tz17_fp"	443					
444.0	715	5	2	1				"APS_tz17_fp"	444					
445.0	716	3	1	1				"APS_tz17_fp"	445					
445.0	717	4	1	1				"APS_tz17_fp"	445					
447.0	718	3	4	1				"APS_tz17_fp"	447					
447.0	719	4	4	1				"APS_tz17_fp"	447					
448.0	720	3	4	1				"APS_tz17_fp"	448					
449.0	721	3	3	1				"APS_tz17_fp"	449					
449.0	722	4	2	1				"APS_tz17_fp"	449					
450.0	723	3	1	1				"APS_tz17_fp"	450					
451.0	724	4	2	1				"APS_tz17_fp"	451					
452.0	725	4	1	1				"APS_tz17_fp"	452					
453.0	726	5	3	1				"APS_tz17_fp"	453					
454.0	727	4	1	1				"APS_tz17_fp"	454					
454.0	728	4	4	1				"APS_tz17_fp"	454					
455.0	729	4	2	1				"APS_tz17_fp"	455					
456.0	730	4	2	1				"APS_tz17_fp"	456					
456.0	731	5	4	1				"APS_tz17_fp"	456					
457.0	732	12	1	1				"APS_tz17_fp"	457					
458.0	733	4	1	1				"APS_tz17_fp"	458					
458.0	734	5	4	1				"APS_tz17_fp"	458					
459.0	735	4	1	1				"APS_tz17_fp"	459					
459.0	736	5	4	1				"APS_tz17_fp"	459					
460.0	737	4	1	1				"APS_tz17_fp"	460					
461.0	738	4	2	1				"APS_tz17_fp"	461					
462.0	739	4	2	1				"APS_tz17_fp"	462					
463.0	740	11	2	1				"APS_tz17_fp"	463					
463.0	741	12	2	1				"APS_tz17_fp"	463					
464.0	742	4	1	1				"APS_tz17_fp"	464					
465.0	743	4	3	1				"APS_tz17_fp"	465					
466.0	744	4	2	1				"APS_tz17_fp"	466					
466.0	745	5	3	1				"APS_tz17_fp"	466					
467.0	746	4	2	1				"APS_tz17_fp"	467					
467.0	747	5	2	1				"APS_tz17_fp"	467					
468.0	748	5	2	1				"APS_tz17_fp"	468					
469.0	749	4	2	1				"APS_tz17_fp"	469					
469.0	750	5	1	1				"APS_tz17_fp"	469					
470.0	751	4	1	1				"APS_tz17_fp"	470					
471.0	752	4	2	1				"APS_tz17_fp"	471					
472.0	753	3	3	1				"APS_tz17_fp"	472					
473.0	754	4	2	1				"APS_tz17_fp"	473					
474.0	755	4	3	1				"APS_tz17_fp"	474					
475.0	756	5	1	1				"APS_tz17_fp"	475					
476.0	757	5	2	1				"APS_tz17_fp"	476					
477.0	758	11	1	1				"APS_tz17_fp"	477					
478.0	759	4	1	1				"APS_tz17_fp"	478					
479.0	760	4	2	1				"APS_tz17_fp"	479					
480.0	761	4	1	1				"APS_tz17_fp"	480					
480.0	762	5	1	1				"APS_tz17_fp"	480					
481.0	763	4	3	1				"APS_tz17_fp"	481					
482.0	764	3	3	1				"APS_tz17_fp"	482					
483.0	765	11	4	1				"APS_tz17_fp"	483					
483.0	766	12	4	1				"APS_tz17_fp"	483					
484.0	767	3	2	1				"APS_tz17_fp"	484					
484.0	768	4	3	1				"APS_tz17_fp"	484					
485.0	769	3	2	1				"APS_tz17_fp"	485					
485.0	770	4	4	1				"APS_tz17_fp"	485					
486.0	771	3	1	1				"APS_tz17_fp"	486					
486.0	772	5	3	1				"APS_tz17_fp"	486					
487.0	773	4	1	1				"APS_tz17_fp"	487					
487.0	774	4	4	1				"APS_tz17_fp"	487					
488.0	775	3	3	1				"APS_tz17_fp"	488					
488.0	776	4	1	1				"APS_tz17_fp"	488					
488.0	777	5	3	1				"APS_tz17_fp"	488					
489.0	778	4	2	1				"APS_tz17_fp"	489					
490.0	779	4	1	1				"APS_tz17_fp"	490					
490.0	780	5	2	1				"APS_tz17_fp"	490					
490.0	781	6	1	1				"APS_tz17_fp"	490					
491.0	782	4	2	1				"APS_tz17_fp"	491					
491.0	783	5	3	1				"APS_tz17_fp"	491					
492.0	784	4	2	1				"APS_tz17_fp"	492					
493.0	785	5	1	1				"APS_tz17_fp"	493					
493.0	786	6	1	1				"APS_tz17_fp"	493					
494.0	787	4	4	1				"APS_tz17_fp"	494					
494.0	788	6	1	1				"APS_tz17_fp"	494					
495.0	789	5	2	1				"APS_tz17_fp"	495					
495.0	790	6	4	1				"APS_tz17_fp"	495					
496.0	791	3	2	1				"APS_tz17_fp"	496					
496.0	792	5	1	1				"APS_tz17_fp"	496					
497.0	793	4	1	1				"APS_tz17_fp"	497					
497.0	794	5	1	2				"APS_tz17_fp"	497					
498.0	795	3	4	1				"APS_tz17_fp"	498					
498.0	796	5	1	2				"APS_tz17_fp"	498					
499.0	797	3	3	1				"APS_tz17_fp"	499					
499.0	798	4	3	2				"APS_tz17_fp"	499					
500.0	799	3	4	1				"APS_tz17_fp"	500					
500.0	800	5	3	1				"APS_tz17_fp"	500					
501.0	801	3	4	1				"APS_tz17_fp"	501					
502.0	802	3	1	1				"APS_tz17_fp"	502					
502.0	803	4	3	1				"APS_tz17_fp"	502					
504.0	804	4	2	1				"APS_tz17_fp"	504					
505.0	805	4	3	1				"APS_tz17_fp"	505					
506.0	806	4	4	1				"APS_tz17_fp"	506					
506.0	807	5	2	1				"APS_tz17_fp"	506					
507.0	808	3	3	1				"APS_tz17_fp"	507					
507.0	809	4	3	1				"APS_tz17_fp"	507					
508.0	810	3	3	1				"APS_tz17_fp"	508					
508.0	811	5	1	1				"APS_tz17_fp"	508					
509.0	812	3	4	1				"APS_tz17_fp"	509					
509.0	813	5	1	2				"APS_tz17_fp"	509					
510.0	814	4	3	1				"APS_tz17_fp"	510					
511.0	815	3	3	1				"APS_tz17_fp"	511					
511.0	816	5	1	2				"APS_tz17_fp"	511					
512.0	817	5	1	2				"APS_tz17_fp"	512					
513.0	818	3	1	1				"APS_tz17_fp"	513					
513.0	819	4	3	1				"APS_tz17_fp"	513					
514.0	820	4	3	1				"APS_tz17_fp"	514					
515.0	821	3	3	1				"APS_tz17_fp"	515					
515.0	822	4	4	2				"APS_tz17_fp"	515					
516.0	823	3	4	1				"APS_tz17_fp"	516					
517.0	824	3	3	1				"APS_tz17_fp"	517					
517.0	825	5	3	2				"APS_tz17_fp"	517					
518.0	826	3	4	2				"APS_tz17_fp"	518					
519.0	827	3	2	1				"APS_tz17_fp"	519					
519.0	828	5	2	2				"APS_tz17_fp"	519					
520.0	829	3	3	1				"APS_tz17_fp"	520					
521.0	830	4	1	1				"APS_tz17_fp"	521					
522.0	831	3	1	1				"APS_tz17_fp"	522					
522.0	832	5	2	2				"APS_tz17_fp"	522					
523.0	833	3	1	1				"APS_tz17_fp"	523					
523.0	834	4	4	2				"APS_tz17_fp"	523					
524.0	835	4	2	1				"APS_tz17_fp"	524					
524.0	836	6	1	2				"APS_tz17_fp"	524					
525.0	837	4	4	1				"APS_tz17_fp"	525					
526.0	838	4	1	1				"APS_tz17_fp"	526					
527.0	839	4	2	1				"APS_tz17_fp"	527					
527.0	840	5	3	1				"APS_tz17_fp"	527					
528.0	841	3	3	1				"APS_tz17_fp"	528					
528.0	842	4	4	1				"APS_tz17_fp"	528					
529.0	843	3	2	1				"APS_tz17_fp"	529					
529.0	844	4	4	2				"APS_tz17_fp"	529					
530.0	845	3	1	1				"APS_tz17_fp"	530					
530.0	846	5	2	1				"APS_tz17_fp"	530					
531.0	847	3	4	2				"APS_tz17_fp"	531					
532.0	848	5	2	1				"APS_tz17_fp"	532					
532.0	849	6	4	1				"APS_tz17_fp"	532					
533.0	850	3	4	1				"APS_tz17_fp"	533					
533.0	851	4	4	2				"APS_tz17_fp"	533					
534.0	852	4	1	1				"APS_tz17_fp"	534					
534.0	853	5	2	1				"APS_tz17_fp"	534					
535.0	854	5	1	1				"APS_tz17_fp"	535					
536.0	855	4	1	1				"APS_tz17_fp"	536					
536.0	856	5	2	1				"APS_tz17_fp"	536					
537.0	857	4	2	1				"APS_tz17_fp"	537					
537.0	858	5	3	1				"APS_tz17_fp"	537					
538.0	859	5	3	2				"APS_tz17_fp"	538					
539.0	860	4	1	1				"APS_tz17_fp"	539					
539.0	861	5	1	1				"APS_tz17_fp"	539					
540.0	862	4	2	1				"APS_tz17_fp"	540					
541.0	863	7	2	1				"APS_tz17_fp"	541					
541.0	864	8	3	2				"APS_tz17_fp"	541					
542.0	865	4	1	1				"APS_tz17_fp"	542					
542.0	866	5	4	1				"APS_tz17_fp"	542					
543.0	867	4	2	1				"APS_tz17_fp"	543					
544.0	868	3	1	1				"APS_tz17_fp"	544					
545.0	869	4	1	1				"APS_tz17_fp"	545					
545.0	870	5	1	1				"APS_tz17_fp"	545					
546.0	871	4	2	1				"APS_tz17_fp"	546					
547.0	872	4	4	1				"APS_tz17_fp"	547					
547.0	873	6	1	1				"APS_tz17_fp"	547					
548.0	874	5	1	1				"APS_tz17_fp"	548					
548.0	875	6	4	1				"APS_tz17_fp"	548					
549.0	876	5	1	1				"APS_tz17_fp"	549					
550.0	877	4	4	1				"APS_tz17_fp"	550					
551.0	878	4	3	1				"APS_tz17_fp"	551					
551.0	879	5	2	1				"APS_tz17_fp"	551					
552.0	880	1	2	1				"APS_tz17_fp"	552					
553.0	881	4	3	1				"APS_tz17_fp"	553					
554.0	882	5	3	2				"APS_tz17_fp"	554					
555.0	883	8	1	2				"APS_tz17_fp"	555					
556.0	884	3	4	1				"APS_tz17_fp"	556					
557.0	885	3	3	1				"APS_tz17_fp"	557					
558.0	886	7	4	1				"APS_tz17_fp"	558					
559.0	887	4	1	1				"APS_tz17_fp"	559					
559.0	888	6	1	1				"APS_tz17_fp"	559					
561.0	889	4	4	1				"APS_tz17_fp"	561					
562.0	890	3	2	1				"APS_tz17_fp"	562					
563.0	891	3	3	1				"APS_tz17_fp"	563					
564.0	892	4	2	1				"APS_tz17_fp"	564					
565.0	893	3	4	1				"APS_tz17_fp"	565					
566.0	894	4	4	1				"APS_tz17_fp"	566					
567.0	895	3	4	1				"APS_tz17_fp"	567					
567.0	896	4	4	1				"APS_tz17_fp"	567					
568.0	897	4	3	1				"APS_tz17_fp"	568					
569.0	898	4	4	1				"APS_tz17_fp"	569					
569.0	899	5	4	1				"APS_tz17_fp"	569					
570.0	900	4	2	2				"APS_tz17_fp"	570					
570.0	901	5	1	2				"APS_tz17_fp"	570					
571.0	902	3	3	2				"APS_tz17_fp"	571					
571.0	903	4	1	2				"APS_tz17_fp"	571					
572.0	904	3	4	1				"APS_tz17_fp"	572					
573.0	905	4	2	1				"APS_tz17_fp"	573					
574.0	906	3	1	1				"APS_tz17_fp"	574					
575.0	907	3	3	1				"APS_tz17_fp"	575					
576.0	908	4	2	1				"APS_tz17_fp"	576					
577.0	909	4	3	1				"APS_tz17_fp"	577					
578.0	910	4	1	1				"APS_tz17_fp"	578					
579.0	911	4	4	1				"APS_tz17_fp"	579					
